GRID
400
1
2
3
4
5
6
7
8
9
10
11
12
13
14
15
16
17
18
19
20
21
22
23
24
25
26
27
28
29
30
31
32
33
34
35
36
37
38
39
40
41
42
43
44
45
46
47
48
49
50
51
52
53
54
55
56
57
58
59
60
61
62
63
64
65
66
67
68
69
70
71
72
73
74
75
76
77
78
79
80
81
82
83
84
85
86
87
88
89
90
91
92
93
94
95
96
97
98
99
100
101
102
103
104
105
106
107
108
109
110
111
112
113
114
115
116
117
118
119
120
121
122
123
124
125
126
127
128
129
130
131
132
133
134
135
136
137
138
139
140
141
142
143
144
145
146
147
148
149
150
151
152
153
154
155
156
157
158
159
160
161
162
163
164
165
166
167
168
169
170
171
172
173
174
175
176
177
178
179
180
181
182
183
184
185
186
187
188
189
190
191
192
193
194
195
196
197
198
199
200
201
202
203
204
205
206
207
208
209
210
211
212
213
214
215
216
217
218
219
220
221
222
223
224
225
226
227
228
229
230
231
232
233
234
235
236
237
238
239
240
241
242
243
244
245
246
247
248
249
250
251
252
253
254
255
256
257
258
259
260
261
262
263
264
265
266
267
268
269
270
271
272
273
274
275
276
277
278
279
280
281
282
283
284
285
286
287
288
289
290
291
292
293
294
295
296
297
298
299
300
301
302
303
304
305
306
307
308
309
310
311
312
313
314
315
316
317
318
319
320
321
322
323
324
325
326
327
328
329
330
331
332
333
334
335
336
337
338
339
340
341
342
343
344
345
346
347
348
349
350
351
352
353
354
355
356
357
358
359
360
361
362
363
364
365
366
367
368
369
370
371
372
373
374
375
376
377
378
379
380
381
382
383
384
385
386
387
388
389
390
391
392
393
394
395
396
397
398
399
400
1 > 2 21 20 381
2 > 3 22 1 382
3 > 4 23 2 383
4 > 5 24 3 384
5 > 6 25 4 385
6 > 7 26 5 386
7 > 8 27 6 387
8 > 9 28 7 388
9 > 10 29 8 389
10 > 11 30 9 390
11 > 12 31 10 391
12 > 13 32 11 392
13 > 14 33 12 393
14 > 15 34 13 394
15 > 16 35 14 395
16 > 17 36 15 396
17 > 18 37 16 397
18 > 19 38 17 398
19 > 20 39 18 399
20 > 1 40 19 400
21 > 22 41 40 1
22 > 23 42 21 2
23 > 24 43 22 3
24 > 25 44 23 4
25 > 26 45 24 5
26 > 27 46 25 6
27 > 28 47 26 7
28 > 29 48 27 8
29 > 30 49 28 9
30 > 31 50 29 10
31 > 32 51 30 11
32 > 33 52 31 12
33 > 34 53 32 13
34 > 35 54 33 14
35 > 36 55 34 15
36 > 37 56 35 16
37 > 38 57 36 17
38 > 39 58 37 18
39 > 40 59 38 19
40 > 21 60 39 20
41 > 42 61 60 21
42 > 43 62 41 22
43 > 44 63 42 23
44 > 45 64 43 24
45 > 46 65 44 25
46 > 47 66 45 26
47 > 48 67 46 27
48 > 49 68 47 28
49 > 50 69 48 29
50 > 51 70 49 30
51 > 52 71 50 31
52 > 53 72 51 32
53 > 54 73 52 33
54 > 55 74 53 34
55 > 56 75 54 35
56 > 57 76 55 36
57 > 58 77 56 37
58 > 59 78 57 38
59 > 60 79 58 39
60 > 41 80 59 40
61 > 62 81 80 41
62 > 63 82 61 42
63 > 64 83 62 43
64 > 65 84 63 44
65 > 66 85 64 45
66 > 67 86 65 46
67 > 68 87 66 47
68 > 69 88 67 48
69 > 70 89 68 49
70 > 71 90 69 50
71 > 72 91 70 51
72 > 73 92 71 52
73 > 74 93 72 53
74 > 75 94 73 54
75 > 76 95 74 55
76 > 77 96 75 56
77 > 78 97 76 57
78 > 79 98 77 58
79 > 80 99 78 59
80 > 61 100 79 60
81 > 82 101 100 61
82 > 83 102 81 62
83 > 84 103 82 63
84 > 85 104 83 64
85 > 86 105 84 65
86 > 87 106 85 66
87 > 88 107 86 67
88 > 89 108 87 68
89 > 90 109 88 69
90 > 91 110 89 70
91 > 92 111 90 71
92 > 93 112 91 72
93 > 94 113 92 73
94 > 95 114 93 74
95 > 96 115 94 75
96 > 97 116 95 76
97 > 98 117 96 77
98 > 99 118 97 78
99 > 100 119 98 79
100 > 81 120 99 80
101 > 102 121 120 81
102 > 103 122 101 82
103 > 104 123 102 83
104 > 105 124 103 84
105 > 106 125 104 85
106 > 107 126 105 86
107 > 108 127 106 87
108 > 109 128 107 88
109 > 110 129 108 89
110 > 111 130 109 90
111 > 112 131 110 91
112 > 113 132 111 92
113 > 114 133 112 93
114 > 115 134 113 94
115 > 116 135 114 95
116 > 117 136 115 96
117 > 118 137 116 97
118 > 119 138 117 98
119 > 120 139 118 99
120 > 101 140 119 100
121 > 122 141 140 101
122 > 123 142 121 102
123 > 124 143 122 103
124 > 125 144 123 104
125 > 126 145 124 105
126 > 127 146 125 106
127 > 128 147 126 107
128 > 129 148 127 108
129 > 130 149 128 109
130 > 131 150 129 110
131 > 132 151 130 111
132 > 133 152 131 112
133 > 134 153 132 113
134 > 135 154 133 114
135 > 136 155 134 115
136 > 137 156 135 116
137 > 138 157 136 117
138 > 139 158 137 118
139 > 140 159 138 119
140 > 121 160 139 120
141 > 142 161 160 121
142 > 143 162 141 122
143 > 144 163 142 123
144 > 145 164 143 124
145 > 146 165 144 125
146 > 147 166 145 126
147 > 148 167 146 127
148 > 149 168 147 128
149 > 150 169 148 129
150 > 151 170 149 130
151 > 152 171 150 131
152 > 153 172 151 132
153 > 154 173 152 133
154 > 155 174 153 134
155 > 156 175 154 135
156 > 157 176 155 136
157 > 158 177 156 137
158 > 159 178 157 138
159 > 160 179 158 139
160 > 141 180 159 140
161 > 162 181 180 141
162 > 163 182 161 142
163 > 164 183 162 143
164 > 165 184 163 144
165 > 166 185 164 145
166 > 167 186 165 146
167 > 168 187 166 147
168 > 169 188 167 148
169 > 170 189 168 149
170 > 171 190 169 150
171 > 172 191 170 151
172 > 173 192 171 152
173 > 174 193 172 153
174 > 175 194 173 154
175 > 176 195 174 155
176 > 177 196 175 156
177 > 178 197 176 157
178 > 179 198 177 158
179 > 180 199 178 159
180 > 161 200 179 160
181 > 182 201 200 161
182 > 183 202 181 162
183 > 184 203 182 163
184 > 185 204 183 164
185 > 186 205 184 165
186 > 187 206 185 166
187 > 188 207 186 167
188 > 189 208 187 168
189 > 190 209 188 169
190 > 191 210 189 170
191 > 192 211 190 171
192 > 193 212 191 172
193 > 194 213 192 173
194 > 195 214 193 174
195 > 196 215 194 175
196 > 197 216 195 176
197 > 198 217 196 177
198 > 199 218 197 178
199 > 200 219 198 179
200 > 181 220 199 180
201 > 202 221 220 181
202 > 203 222 201 182
203 > 204 223 202 183
204 > 205 224 203 184
205 > 206 225 204 185
206 > 207 226 205 186
207 > 208 227 206 187
208 > 209 228 207 188
209 > 210 229 208 189
210 > 211 230 209 190
211 > 212 231 210 191
212 > 213 232 211 192
213 > 214 233 212 193
214 > 215 234 213 194
215 > 216 235 214 195
216 > 217 236 215 196
217 > 218 237 216 197
218 > 219 238 217 198
219 > 220 239 218 199
220 > 201 240 219 200
221 > 222 241 240 201
222 > 223 242 221 202
223 > 224 243 222 203
224 > 225 244 223 204
225 > 226 245 224 205
226 > 227 246 225 206
227 > 228 247 226 207
228 > 229 248 227 208
229 > 230 249 228 209
230 > 231 250 229 210
231 > 232 251 230 211
232 > 233 252 231 212
233 > 234 253 232 213
234 > 235 254 233 214
235 > 236 255 234 215
236 > 237 256 235 216
237 > 238 257 236 217
238 > 239 258 237 218
239 > 240 259 238 219
240 > 221 260 239 220
241 > 242 261 260 221
242 > 243 262 241 222
243 > 244 263 242 223
244 > 245 264 243 224
245 > 246 265 244 225
246 > 247 266 245 226
247 > 248 267 246 227
248 > 249 268 247 228
249 > 250 269 248 229
250 > 251 270 249 230
251 > 252 271 250 231
252 > 253 272 251 232
253 > 254 273 252 233
254 > 255 274 253 234
255 > 256 275 254 235
256 > 257 276 255 236
257 > 258 277 256 237
258 > 259 278 257 238
259 > 260 279 258 239
260 > 241 280 259 240
261 > 262 281 280 241
262 > 263 282 261 242
263 > 264 283 262 243
264 > 265 284 263 244
265 > 266 285 264 245
266 > 267 286 265 246
267 > 268 287 266 247
268 > 269 288 267 248
269 > 270 289 268 249
270 > 271 290 269 250
271 > 272 291 270 251
272 > 273 292 271 252
273 > 274 293 272 253
274 > 275 294 273 254
275 > 276 295 274 255
276 > 277 296 275 256
277 > 278 297 276 257
278 > 279 298 277 258
279 > 280 299 278 259
280 > 261 300 279 260
281 > 282 301 300 261
282 > 283 302 281 262
283 > 284 303 282 263
284 > 285 304 283 264
285 > 286 305 284 265
286 > 287 306 285 266
287 > 288 307 286 267
288 > 289 308 287 268
289 > 290 309 288 269
290 > 291 310 289 270
291 > 292 311 290 271
292 > 293 312 291 272
293 > 294 313 292 273
294 > 295 314 293 274
295 > 296 315 294 275
296 > 297 316 295 276
297 > 298 317 296 277
298 > 299 318 297 278
299 > 300 319 298 279
300 > 281 320 299 280
301 > 302 321 320 281
302 > 303 322 301 282
303 > 304 323 302 283
304 > 305 324 303 284
305 > 306 325 304 285
306 > 307 326 305 286
307 > 308 327 306 287
308 > 309 328 307 288
309 > 310 329 308 289
310 > 311 330 309 290
311 > 312 331 310 291
312 > 313 332 311 292
313 > 314 333 312 293
314 > 315 334 313 294
315 > 316 335 314 295
316 > 317 336 315 296
317 > 318 337 316 297
318 > 319 338 317 298
319 > 320 339 318 299
320 > 301 340 319 300
321 > 322 341 340 301
322 > 323 342 321 302
323 > 324 343 322 303
324 > 325 344 323 304
325 > 326 345 324 305
326 > 327 346 325 306
327 > 328 347 326 307
328 > 329 348 327 308
329 > 330 349 328 309
330 > 331 350 329 310
331 > 332 351 330 311
332 > 333 352 331 312
333 > 334 353 332 313
334 > 335 354 333 314
335 > 336 355 334 315
336 > 337 356 335 316
337 > 338 357 336 317
338 > 339 358 337 318
339 > 340 359 338 319
340 > 321 360 339 320
341 > 342 361 360 321
342 > 343 362 341 322
343 > 344 363 342 323
344 > 345 364 343 324
345 > 346 365 344 325
346 > 347 366 345 326
347 > 348 367 346 327
348 > 349 368 347 328
349 > 350 369 348 329
350 > 351 370 349 330
351 > 352 371 350 331
352 > 353 372 351 332
353 > 354 373 352 333
354 > 355 374 353 334
355 > 356 375 354 335
356 > 357 376 355 336
357 > 358 377 356 337
358 > 359 378 357 338
359 > 360 379 358 339
360 > 341 380 359 340
361 > 362 381 380 341
362 > 363 382 361 342
363 > 364 383 362 343
364 > 365 384 363 344
365 > 366 385 364 345
366 > 367 386 365 346
367 > 368 387 366 347
368 > 369 388 367 348
369 > 370 389 368 349
370 > 371 390 369 350
371 > 372 391 370 351
372 > 373 392 371 352
373 > 374 393 372 353
374 > 375 394 373 354
375 > 376 395 374 355
376 > 377 396 375 356
377 > 378 397 376 357
378 > 379 398 377 358
379 > 380 399 378 359
380 > 361 400 379 360
381 > 382 1 400 361
382 > 383 2 381 362
383 > 384 3 382 363
384 > 385 4 383 364
385 > 386 5 384 365
386 > 387 6 385 366
387 > 388 7 386 367
388 > 389 8 387 368
389 > 390 9 388 369
390 > 391 10 389 370
391 > 392 11 390 371
392 > 393 12 391 372
393 > 394 13 392 373
394 > 395 14 393 374
395 > 396 15 394 375
396 > 397 16 395 376
397 > 398 17 396 377
398 > 399 18 397 378
399 > 400 19 398 379
400 > 381 20 399 380
